





AR                 0   136.500     3.330     0.000     0.000     0.000
C2H                1   209.000     4.100     0.000     0.000     2.500
C2H2               1   209.000     4.100     0.000     0.000     2.500
C2H2OH             2   224.700     4.162     0.000     0.000     1.000
C2H3               2   209.000     4.100     0.000     0.000     1.000
C2H3CHO            2   209.000     4.100     0.000     0.000     1.000
C2H3O              2   436.000     3.970     0.000     0.000     2.000
C2H3CO             2   209.000     4.100     0.000     0.000     1.000
C2H3CO2            2   209.000     4.100     0.000     0.000     1.000
C2H3CO3            2   209.000     4.100     0.000     0.000     1.000
C2H3CO3H           2   209.000     4.100     0.000     0.000     1.000
C2H4               2   280.800     3.971     0.000     0.000     1.500
PC2H4OH            2   280.800     3.971     0.000     0.000     1.500
SC2H4OH            2   280.800     3.971     0.000     0.000     1.500
C2H5               2   252.300     4.302     0.000     0.000     1.500
C2H5O              2   252.300     4.302     0.000     0.000     1.500
C2H5OH             2   252.300     4.302     0.000     0.000     1.500
C2H5O2             2   252.300     4.302     0.000     0.000     1.500
C2H5O2H            2   252.300     4.302     0.000     0.000     1.500
C2H5CHO            2   252.300     4.302     0.000     0.000     1.500
C2H5CO             2   252.300     4.302     0.000     0.000     1.500
C2H5CO2            2   252.300     4.302     0.000     0.000     1.500
C2H5CO3            2   252.300     4.302     0.000     0.000     1.500
C2H5CO3H           2   252.300     4.302     0.000     0.000     1.500
C2H6               2   252.300     4.302     0.000     0.000     1.500
C2N2               1   349.000     4.361     0.000     0.000     1.000
C3H2               2   209.000     4.100     0.000     0.000     1.000
C3H3               1   252.000     4.760     0.000     0.000     1.000
C3H4               1   252.000     4.760     0.000     0.000     1.000
A-C3H4             1   252.000     4.760     0.000     0.000     1.000
P-C3H4             1   252.000     4.760     0.000     0.000     1.000
C3H4P              1   252.000     4.760     0.000     0.000     1.000
C3H6               2   266.800     4.982     0.000     0.000     1.000
C3H6O              2   266.800     4.982     0.000     0.000     1.000
C3H6OH             2   266.800     4.982     0.000     0.000     1.000
C3H5               2   266.800     4.982     0.000     0.000     1.000
C3H5O              2   266.800     4.982     0.000     0.000     1.000
C3H5O2             2   266.800     4.982     0.000     0.000     1.000
C3H5OOH            2   266.800     4.982     0.000     0.000     1.000
CH2COCH3           2   266.800     4.982     0.000     0.000     1.000
CH3COCH3           2   266.800     4.982     0.000     0.000     1.000
CH2CHOCH2          2   266.800     4.982     0.000     0.000     1.000
CHCHCH3            2   266.800     4.982     0.000     0.000     1.000
C3H5O_C            2   266.800     4.982     0.000     0.000     1.000
C3H7               2   266.800     4.982     0.000     0.000     1.000
NC3H7              2   266.800     4.982     0.000     0.000     1.000
NC3H7O             2   266.800     4.982     0.000     0.000     1.000
NC3H7O2            2   266.800     4.982     0.000     0.000     1.000
HOC3H6O2           2   266.800     4.982     0.000     0.000     1.000
NC3H7O2H           2   266.800     4.982     0.000     0.000     1.000
IC3H7              2   266.800     4.982     0.000     0.000     1.000
C3H7CHO            2   266.800     4.982     0.000     0.000     1.000
IC3H7O             2   266.800     4.982     0.000     0.000     1.000
IC3H7O2            2   266.800     4.982     0.000     0.000     1.000
IC3H7O2H           2   266.800     4.982     0.000     0.000     1.000
C3H8               2   266.800     4.982     0.000     0.000     1.000
C4H                1   357.000     5.180     0.000     0.000     1.000
C4H2               1   357.000     5.180     0.000     0.000     1.000
C4H2OH             2   224.700     4.162     0.000     0.000     1.000
C4H3               1   357.000     5.180     0.000     0.000     1.000
N-C4H3             1   357.000     5.180     0.000     0.000     1.000
I-C4H3             1   357.000     5.180     0.000     0.000     1.000
C4H4               1   357.000     5.180     0.000     0.000     1.000
C4H6               2   357.000     5.176     0.000     0.000     1.000
C4H8               2   357.000     5.176     0.000     0.000     1.000
C4H8_1             2   357.000     5.176     0.000     0.000     1.000
C4H8O_1            2   357.000     5.176     0.000     0.000     1.000
C4H8O_2            2   357.000     5.176     0.000     0.000     1.000
C4H8O_3            2   357.000     5.176     0.000     0.000     1.000
C4H8O_C            2   357.000     5.176     0.000     0.000     1.000
C4H8O_2MO          2   357.000     5.176     0.000     0.000     1.000
C4H8_2             2   357.000     5.176     0.000     0.000     1.000
C4H7               2   357.000     5.176     0.000     0.000     1.000
C4H7O              2   357.000     5.176     0.000     0.000     1.000
C4H7O_C            2   357.000     5.176     0.000     0.000     1.000
C4H7O_1            2   357.000     5.176     0.000     0.000     1.000
C4H7O_2            2   357.000     5.176     0.000     0.000     1.000
C4H7O_3            2   357.000     5.176     0.000     0.000     1.000
C4H7O_2MO          2   357.000     5.176     0.000     0.000     1.000
C4H9               2   357.000     5.176     0.000     0.000     1.000
PC4H9              2   357.000     5.176     0.000     0.000     1.000
PC4H9O             2   357.000     5.176     0.000     0.000     1.000
C4H8OH_1           2   357.000     5.176     0.000     0.000     1.000
C4H8OH_2           2   357.000     5.176     0.000     0.000     1.000
C4H9O2_1           2   357.000     5.176     0.000     0.000     1.000
C4H9O2_2           2   357.000     5.176     0.000     0.000     1.000
C4H9O2_3           2   357.000     5.176     0.000     0.000     1.000
C4H9O2_4           2   357.000     5.176     0.000     0.000     1.000
C4H9O2_5           2   357.000     5.176     0.000     0.000     1.000
PC4H9O2            2   357.000     5.176     0.000     0.000     1.000
C4H9O4_1           2   357.000     5.176     0.000     0.000     1.000
C4H9O4_2           2   357.000     5.176     0.000     0.000     1.000
C4H9O4_3           2   357.000     5.176     0.000     0.000     1.000
C4H9O4_4           2   357.000     5.176     0.000     0.000     1.000
C4H9O4_5           2   357.000     5.176     0.000     0.000     1.000
C4H9O4_6           2   357.000     5.176     0.000     0.000     1.000
C4H9O4_7           2   357.000     5.176     0.000     0.000     1.000
C4H9O4_8           2   357.000     5.176     0.000     0.000     1.000
C4H9O3_1           2   357.000     5.176     0.000     0.000     1.000
C4H9O3_2           2   357.000     5.176     0.000     0.000     1.000
PC4H9O2H           2   357.000     5.176     0.000     0.000     1.000
SC4H9              2   357.000     5.176     0.000     0.000     1.000
SC4H9O             2   357.000     5.176     0.000     0.000     1.000
SC4H9O2            2   357.000     5.176     0.000     0.000     1.000
SC4H9O2H           2   357.000     5.176     0.000     0.000     1.000
C4H10              2   357.000     5.176     0.000     0.000     1.000
C5H9               2   357.000     5.176     0.000     0.000     1.000
C5H10              2   357.000     5.176     0.000     0.000     1.000
C5H10_1            2   357.000     5.176     0.000     0.000     1.000
C5H10_2            2   357.000     5.176     0.000     0.000     1.000
C5H11_1            2   357.000     5.176     0.000     0.000     1.000
C5H11_2            2   357.000     5.176     0.000     0.000     1.000
C5H11_3            2   357.000     5.176     0.000     0.000     1.000
NC5H12             2   357.000     5.176     0.000     0.000     1.000
C8H14              2   357.000     5.176     0.000     0.000     1.000
C8H14OH            2   357.000     5.176     0.000     0.000     1.000
O2C8H14OH          2   357.000     5.176     0.000     0.000     1.000
CH                 1    80.000     2.750     0.000     0.000     0.000
CH2                1   144.000     3.800     0.000     0.000     0.000
CH2(S)             1   144.000     3.800     0.000     0.000     0.000
ACH2               1   144.000     3.800     0.000     0.000     0.000
CH2CO              2   436.000     3.970     0.000     0.000     2.000
CH2CHO             2   436.000     3.970     0.000     0.000     2.000
CH2O               2   498.000     3.590     0.000     0.000     2.000
CH2O2H             2   498.000     3.590     0.000     0.000     2.000
CH3                2   144.000     3.800     0.000     0.000     0.000
CH3CHO             2   436.000     3.970     0.000     0.000     2.000
CH3CO              2   436.000     3.970     0.000     0.000     2.000
CH3CO2             2   436.000     3.970     0.000     0.000     2.000
CH3CO2H            2   436.000     3.970     0.000     0.000     2.000
CH3CO3             2   436.000     3.970     0.000     0.000     2.000
CH3CO3H            2   436.000     3.970     0.000     0.000     2.000
CH3O               2   417.000     3.690     1.700     0.000     2.000
CH3O2              2   417.000     3.690     1.700     0.000     2.000
CH3O2H             2   417.000     3.690     1.700     0.000     2.000
CH3O2CH3           2   417.000     3.690     1.700     0.000     2.000
CH4                2   141.400     3.746     0.000     2.600    13.000
CH3OH              2   417.000     3.690     1.700     0.000     2.000
CH2OH              2   417.000     3.690     1.700     0.000     2.000
CN                 1    75.000     3.856     0.000     0.000     1.000
CO                 1    98.100     3.650     0.000     1.950     1.800
CO2                1   244.000     3.763     0.000     2.650     2.100
C                  0    71.400     3.298     0.000     0.000     0.000
F                  0    80.000     2.750     0.000     0.000     0.000
F2                 1   125.700     3.301     0.000     1.600     3.800
H                  0   145.000     2.050     0.000     0.000     0.000
H2                 1    38.000     2.920     0.000     0.790   280.000
H2O                2   572.400     2.605     1.844     0.000     4.000
H2O2               2   107.400     3.458     0.000     0.000     3.800
H2S                2   301.000     3.600     0.000     0.000     1.000
HF                 1   352.000     2.490     1.730     0.000     5.000
HE                 0    10.200     2.576     0.000     0.000     0.000
HCCO               2   150.000     2.500     0.000     0.000     1.000
HCCOH              2   436.000     3.970     0.000     0.000     2.000
HCN                1   569.000     3.630     0.000     0.000     1.000
HC2N2              1   349.000     4.361     0.000     0.000     1.000
HCO                2   498.000     3.590     0.000     0.000     0.000
CHO                2   498.000     3.590     0.000     0.000     0.000
HCO+               1   498.000     3.590     0.000     0.000     0.000
HF0                1   352.000     2.490     1.730     0.000     5.000
HF1                1   352.000     2.490     1.730     0.000     5.000
HF2                1   352.000     2.490     1.730     0.000     5.000
HF3                1   352.000     2.490     1.730     0.000     5.000
HF4                1   352.000     2.490     1.730     0.000     5.000
HF5                1   352.000     2.490     1.730     0.000     5.000
HF6                1   352.000     2.490     1.730     0.000     5.000
HF7                1   352.000     2.490     1.730     0.000     5.000
HF8                1   352.000     2.490     1.730     0.000     5.000
HNCO               2   232.400     3.828     0.000     0.000     1.000
HNO                2   116.700     3.492     0.000     0.000     1.000
HNNO               2   232.400     3.828     0.000     0.000     1.000
HO2                2   107.400     3.458     0.000     0.000     1.000
HSO2               2   252.000     4.290     0.000     0.000     1.000
HSO                2   252.000     4.290     0.000     0.000     1.000
N                  0    71.400     3.298     0.000     0.000     0.000
N2                 1    97.530     3.621     0.000     1.760     4.000
N2H2               2    71.400     3.798     0.000     0.000     1.000
N2H3               2   200.000     3.900     0.000     0.000     1.000
N2H4               2   205.000     4.230     0.000     4.260     1.500
N2O                1   232.400     3.828     0.000     0.000     1.000
NCO                1   232.400     3.828     0.000     0.000     1.000
NH                 1    80.000     2.650     0.000     0.000     4.000
NH2                2    80.000     2.650     0.000     2.260     4.000
NH3                2   481.000     2.920     1.470     0.000    10.000
NNH                2    71.400     3.798     0.000     0.000     1.000
NO                 1    97.530     3.621     0.000     1.760     4.000
NO2                2   200.000     3.500     0.000     0.000     1.000
O                  0    80.000     2.750     0.000     0.000     0.000
O2                 1   107.400     3.458     0.000     1.600     3.800
O3                 2   180.000     4.100     0.000     0.000     2.000
OH                 1    80.000     2.750     0.000     0.000     0.000
S                  0   847.000     3.839     0.000     0.000     0.000
S2                 1   847.000     3.900     0.000     0.000     1.000
SH                 1   847.000     3.900     0.000     0.000     1.000
SO                 1   301.000     3.993     0.000     0.000     1.000
S2O                2   252.000     4.290     0.000     0.000     1.000
SO2                2   252.000     4.290     0.000     0.000     1.000
SO3                2   378.400     4.175     0.000     0.000     1.000
SIH4               2   207.600     4.084     0.000     0.000     1.000
SIH3               2   170.300     3.943     0.000     0.000     1.000
SIH2               2   133.100     3.803     0.000     0.000     1.000
SIH                1    95.800     3.662     0.000     0.000     1.000
SI                 0  3036.000     2.910     0.000     0.000     0.000
SI2H6              2   301.300     4.828     0.000     0.000     1.000
SI2H5              2   306.900     4.717     0.000     0.000     1.000
SI2H4              2   312.600     4.601     0.000     0.000     1.000
SI2H3              2   318.200     4.494     0.000     0.000     1.000
SI2H2              2   323.800     4.383     0.000     0.000     1.000
SI2                1  3036.000     3.280     0.000     0.000     1.000
SI3                2  3036.000     3.550     0.000     0.000     1.000
CH2CL2             2   398.000     4.748     1.570     0.000     6.000
CHCL               1   159.100     4.040     0.000     0.000     0.000
CL                 0   130.800     3.610     0.000     2.200     0.000
HCL                1   344.700     3.340     1.100     2.630     4.000
CH2CL              2   355.000     4.151     1.870     0.000     0.000
CHCL2              1   249.700     4.720     0.000     0.000     0.000
CH3CL              2   355.000     4.151     1.870     0.000     0.000
CH3CHCL2           2   220.000     8.502     2.060     0.000     0.000
C2H4CL2            2   265.000     7.692     1.200     0.000     0.000
C2H3CL             2   230.000     6.114     1.450     0.000     0.000
C2H3CL3            2   260.000     8.428     1.420     0.000     0.000
CH2CCL2            2   200.000     8.936     1.340     0.000     0.000
C2H2CL3            2   260.000     8.428     1.420     0.000     0.000
C2HCL3             2   426.400     5.320     0.900    10.140     2.000
C2HCL              2   281.500     4.510     0.440     5.280     2.500
CH2CLCCL2          2   260.000     8.428     1.420     0.000     0.000
C2H5CL             2   225.000     6.994     2.050     0.000     0.000
CH2CLCH2           2   225.000     6.994     2.050     0.000     0.000
CLO                1   184.000     3.840     0.000     0.000     1.000
HOCL               2   329.000     3.830     1.310     0.000     3.000
CHCLO              2   417.800     4.280     1.000     4.420     2.000
CHCLCHCL           2   200.000     8.936     0.700     0.000     0.000
C2H2CL2            2   200.000     8.936     0.700     0.000     0.000
CH3CHCL            2   225.000     6.994     2.050     0.000     0.000
C2H2CL4            2   493.600     5.000     1.200     0.000     0.000
CCLO               2   417.800     4.280     0.000     0.000     0.000
CL2                1   316.000     4.220     0.200     4.610     4.900
COCL2              2   337.500     4.770     1.180     6.380     2.000
CH2CLO             2   417.800     4.280     1.000     4.420     2.000
C2H4CL             2   225.000     6.994     2.050     0.000     0.000
C2H2CL             2   281.500     4.510     0.440     5.280     2.500
C2H3CL2            2   260.000     8.428     1.420     0.000     0.000
CF3H               2   240.000     4.330     0.000     0.000     0.000
CF3                2   240.000     4.330     0.000     0.000     0.000
CF2                2   240.000     4.330     0.000     0.000     0.000
CF                 1   240.000     4.330     0.000     0.000     0.000
FCO                2   240.000     4.330     0.000     0.000     0.000
CF2O               2   240.000     4.330     0.000     0.000     0.000
CF3O               2   240.000     4.330     0.000     0.000     0.000
CF4                2   240.000     4.330     0.000     0.000     0.000
C4H3(A)            1   357.000     5.180     0.000     0.000     1.000
C4H5               2   357.000     5.176     0.000     0.000     1.000
N-C4H5             2   357.000     5.176     0.000     0.000     1.000
I-C4H5             2   357.000     5.176     0.000     0.000     1.000
C4H5P              2   357.000     5.176     0.000     0.000     1.000
C6H6               2   357.000     5.176     0.000     0.000     1.000
L-C6H6             2   357.000     5.176     0.000     0.000     1.000
C5H2               2   357.000     5.176     0.000     0.000     1.000
C5H3               2   357.000     5.176     0.000     0.000     1.000
C5H5               2   357.000     5.176     0.000     0.000     1.000
C5H6               2   357.000     5.176     0.000     0.000     1.000
C5H5(L)            2   357.000     5.176     0.000     0.000     1.000
C5H5(A)            2   357.000     5.176     0.000     0.000     1.000
C2                 1    80.000     2.750     0.000     0.000     0.000
C2O                1    80.000     2.750     0.000     0.000     0.000
C6H5               2   357.000     5.176     0.000     0.000     1.000
L-C6H5             2   357.000     5.176     0.000     0.000     1.000
N-C6H5             2   357.000     5.176     0.000     0.000     1.000
I-C6H5             2   357.000     5.176     0.000     0.000     1.000

C6H2               2   357.000     5.176     0.000     0.000     1.000
C6H3               2   357.000     5.176     0.000     0.000     1.000
C2H2O              2   224.700     4.162     0.000     0.000     1.000
C2HO               2   224.700     4.162     0.000     0.000     1.000
C4H2O              1   357.000     5.180     0.000     0.000     1.000
H2C4O              1   357.000     5.180     0.000     0.000     1.000
C5H4               2   357.000     5.176     0.000     0.000     1.000

C6H4O2             2   357.000     5.176     0.000     0.000     1.000
C6H3O              2   357.000     5.176     0.000     0.000     1.000
C3H5(A)            2   266.800     4.982     0.000     0.000     1.000

C6H                2   357.000     5.176     0.000     0.000     1.000
C6H4               2   357.000     5.176     0.000     0.000     1.000
c-C6H4             2   357.000     5.176     0.000     0.000     1.000
L-C6H4             2   357.000     5.176     0.000     0.000     1.000

C6H5(L)            2   357.000     5.176     0.000     0.000     1.000
N-C6H7             2   357.000     5.176     0.000     0.000     1.000
C-C6H7             2   357.000     5.176     0.000     0.000     1.000
I-C6H7             2   357.000     5.176     0.000     0.000     1.000
C6H8               2   357.000     5.176     0.000     0.000     1.000
C4H3P              1   357.000     5.180     0.000     0.000     1.000
C6H5OH             2   357.000     5.176     0.000     0.000     1.000
C6H5O              2   357.000     5.176     0.000     0.000     1.000
C6H4OH             2   357.000     5.176     0.000     0.000     1.000
C7H7               2   357.000     5.176     0.000     0.000     1.000
C7H8               2   357.000     5.176     0.000     0.000     1.000
C7H8O              2   357.000     5.176     0.000     0.000     1.000
C8H10              2   357.000     5.176     0.000     0.000     1.000
C8H8               2   357.000     5.176     0.000     0.000     1.000
C8H6               2   357.000     5.176     0.000     0.000     1.000
C10H8              2   357.000     5.176     0.000     0.000     1.000
C10H7              2   357.000     5.176     0.000     0.000     1.000
l-C10H7            2   357.000     5.176     0.000     0.000     1.000
C5H5O              2   357.000     5.176     0.000     0.000     1.000
H2CCCH             1   252.000     4.760     0.000     0.000     1.000
HCCHCCH            1   357.000     5.180     0.000     0.000     1.000
CH2CHCHCH          1   357.000     5.180     0.000     0.000     1.000
CH2CHCCH2          1   357.000     5.180     0.000     0.000     1.000
H2CCCCH            1   357.000     5.180     0.000     0.000     1.000
HCCHCH             1   357.000     5.180     0.000     0.000     1.000
C5H4O              2   357.000     5.176     0.000     0.000     1.000
C5H4OH             2   357.000     5.176     0.000     0.000     1.000
C5H12O             2   467.000     5.613     1.200     0.000     1.000
AC5H11O            2   467.000     5.613     1.200     0.000     1.000
BC5H11O            2   467.000     5.613     1.200     0.000     1.000
TERTC4H9           2   357.000     5.176     0.000     0.000     1.000
C5H11O             2   467.000     5.613     1.200     0.000     1.000
aC3H4              1   252.000     4.760     0.000     0.000     1.000
pC3H4              1   252.000     4.760     0.000     0.000     1.000
cC3H4              1   252.000     4.760     0.000     0.000     1.000
i-C4H3             2   357.000     5.180     0.000     0.000     1.000 !                       JAM    
n-C4H3             2   357.000     5.180     0.000     0.000     1.000 !                       JAM    
i-C4H5             2   357.000     5.180     0.000     0.000     1.000 !                       JAM    
n-C4H5             2   357.000     5.180     0.000     0.000     1.000 !                       JAM    
C4H612             2   357.000     5.180     0.000     0.000     1.000
C5H8               2   408.000     5.200     0.000     0.000     1.000 !                       nmm
C5H7               2   408.000     5.200     0.000     0.000     1.000 !                       nmm
c-C5H7             2   408.000     5.200     0.000     0.000     1.000
OC6H4O             2   450.000     5.500     0.000     0.000     1.000
C6H6O              2   450.000     5.500     0.000     0.000     1.000
iC3H7              2   266.800     4.982     0.000     0.000     1.000
nC3H7              2   266.800     4.982     0.000     0.000     1.000
aC3H5              2   266.800     4.982     0.000     0.000     1.000
CH3CCH2            2   266.800     4.982     0.000     0.000     1.000
C12H10             2   676.500     6.310     0.000     0.000     1.000
C9H7               2   588.600     5.960     0.650     0.000     1.000 !                       nmm
C8H5               2   534.300     5.710     0.000     0.000     1.000 !                       nmm
C12H9              2   695.400     6.760     0.000     0.000     1.000 !                       nmm
C14H10             2   772.000     6.960     0.000    38.800     1.000
C14H11             2   772.000     6.960     0.000    38.800     1.000
C8H7               2   357.000     5.176     0.000     0.000     1.000
C10H9              2   357.000     5.176     0.000     0.000     1.000
C9H8               2   588.600     5.960     0.650     0.000     1.000 !                       nmm
C8H5O              2   588.200     5.940     0.000     0.000     1.000
C10H7O             2   630.400     6.180     0.000     0.000     1.000 !                       nmm 
C2H4O              2   436.000     3.970     0.000     0.000     2.000
C5H5C2H3           2   357.000     5.176     0.000     0.000     1.000
C5H5C2H2           2   357.000     5.176     0.000     0.000     1.000
s-C9H9             2   588.600     5.960     0.650     0.000     1.000 !                       nmm
c-C9H9             2   588.600     5.960     0.650     0.000     1.000 !                       nmm
n-C9H9             2   357.000     5.176     0.000     0.000     1.000
p-C9H9             2   357.000     5.176     0.000     0.000     1.000
i-C9H9             2   357.000     5.176     0.000     0.000     1.000
t-C9H8             2   357.000     5.176     0.000     0.000     1.000
s-C9H8             2   357.000     5.176     0.000     0.000     1.000
C12H8              2   695.400     6.760     0.000     0.000     1.000 !                       nmm
C10H7OH            2   630.400     6.180     0.000     0.000     1.000 !                       nmm 
CH3OCO             2   436.000     3.970     0.000     0.000     2.000
CH3OCHO            2   436.000     3.970     0.000     0.000     2.000
CH3OCH2O           2   436.000     3.970     0.000     0.000     2.000
DMM                2   436.000     3.970     0.000     0.000     2.000
DMM1               2   436.000     3.970     0.000     0.000     2.000
DMM2               2   436.000     3.970     0.000     0.000     2.000
CH3OCH2            2   436.000     3.970     0.000     0.000     2.000
CH3OCH3            2   436.000     3.970     0.000     0.000     2.000
FULVENE            2   430.306     5.441     0.000     0.000     1.000 !                       Pope & Miller 2000
C12H8A             2   523.400     6.568     0.000     0.000     1.000
C12H8B             2   402.900     6.744     0.000     0.000     1.000
A3                 2   523.400     6.568     0.000     0.000     1.000
C2H4OH             2   470.600     4.410     0.000     0.000     1.500
CH2HCO             2   436.000     3.970     0.000     0.000     2.000
CH3CH2O            2   470.600     4.410     0.000     0.000     1.500 !           nmm
CH3CHOH            2   470.600     4.410     0.000     0.000     1.500
CH3HCO             2   436.000     3.970     0.000     0.000     2.000
HCOOH              2   436.000     3.970     0.000     0.000     2.000
DEM                2   436.000     3.970     0.000     0.000     2.000
C2H5OCH2OH         2   436.000     3.970     0.000     0.000     2.000
C2H5OCH2O          2   436.000     3.970     0.000     0.000     2.000
C2H4OCH2OH         2   436.000     3.970     0.000     0.000     2.000
CH3CH2OCHOCH2CH3   2   436.000     3.970     0.000     0.000     2.000
CH3CHOCH2OCH2CH3   2   436.000     3.970     0.000     0.000     2.000
CH2CH2OCH2OCH2CH3  2   436.000     3.970     0.000     0.000     2.000
C2H5OCHO           2   436.000     3.970     0.000     0.000     2.000
C2H5OCO            2   436.000     3.970     0.000     0.000     2.000
C2H5OCH2           2   436.000     3.970     0.000     0.000     2.000
CH2CH2OCH2OH       2   436.000     3.970     0.000     0.000     2.000
C2H5OCH2OCH2       2   436.000     3.970     0.000     0.000     2.000
FULVENYL           2   430.306     5.441     0.000     0.000     1.000
C10H10             2   450.000     6.090     0.000     0.000     1.000 !          
PHCH2              2   357.000     5.176     0.000     0.000     1.000
A2CH3-1            2   450.000     6.090     0.000     0.000     1.000 !                                                                    cp !
A2CH3-2            2   450.000     6.090     0.000     0.000     1.000 !                                                                    cp !
A2CH2-1            2   450.000     6.090     0.000     0.000     1.000 !                                                                    cp !
A2CH2-2            2   450.000     6.090     0.000     0.000     1.000 !                                                                    cp !
A2CH2-1f           2   450.000     6.090     0.000     0.000     1.000 !                                                                    cp !
A2CH2-2f           2   450.000     6.090     0.000     0.000     1.000 !                                                                    cp !
A2CH2-1f*          2   450.000     6.090     0.000     0.000     1.000 !                                                                    cp !
A2CH2-2f*          2   450.000     6.090     0.000     0.000     1.000 !                                                                    cp !
C9H7a              2   402.900     6.744     0.000     0.000     1.000 !                              A2 (HR)
C9H7b              2   402.900     6.744     0.000     0.000     1.000 !                              A2 (HR)
C10H7O-1           2   402.900     6.744     0.000     0.000     1.000 !                                                                  "
C10H7O-2           2   402.900     6.744     0.000     0.000     1.000 !                                                                  "
A1C2H*2            2   450.000     5.646     0.000     0.000     1.000 !                                                                  HR
C10H7a             2   450.000     6.090     0.000     0.000     1.000 !                                                                 cp, HR
C10H7*             2   450.000     6.090     0.000     0.000     1.000 !                                                                 cp, HR
C6H5C3H2           2   450.000     5.719     0.000     0.000     1.000 !                                                                 HR
BICPD*             2   450.000     6.090     0.000     0.000     1.000 !                                                                    cp !
VALS0              2   450.000     6.090     0.000     0.000     1.000 !                                                                    cp !
VALC10H10          2   450.000     6.090     0.000     0.000     1.000 !                                                                    cp !
VALC10H9           2   450.000     6.090     0.000     0.000     1.000 !                                                                    cp !
VALS1              2   450.000     6.090     0.000     0.000     1.000 !                                                                    cp !
VALS2              2   450.000     6.090     0.000     0.000     1.000 !                                                                    cp !
VALS3              2   450.000     6.090     0.000     0.000     1.000 !                                                                    cp !
VALS4              2   450.000     6.090     0.000     0.000     1.000 !                                                                    cp ! !
C10H9a             2   450.000     6.090     0.000     0.000     1.000 !                                                                    cp !
C10H9b             2   450.000     6.090     0.000     0.000     1.000 !                                                                    cp !
C10H9c             2   450.000     6.090     0.000     0.000     1.000 !                                                                    cp !
C10H9d             2   450.000     6.090     0.000     0.000     1.000 !                                                                    cp !
C10H9e             2   450.000     6.090     0.000     0.000     1.000 !           
C6H5CHCH           2   357.000     5.176     0.000     0.000     1.000
C6H5CH             2   450.000     5.549     0.000     0.000     1.000 !         as C6H7
C16H10             2   812.300     7.170     0.000     0.000     1.000 !         